-0.0391705 -0.219298
-0.108295 -0.30117
-0.186636 -0.330409
-0.218894 -0.423977
-0.0806452 -0.564327
0.0668203 -0.517544
0.09447 -0.324561
0.186636 -0.166667
0.062212 -0.0730994
0.0207373 -0.195906
0.0299539 -0.342105
-0.0990783 -0.377193
-0.00691244 -0.464912
0.131336 -0.429825
0.232719 -0.195906
0.0852535 -0.0847953
-0.347926 -0.312865
-0.228111 -0.125731
-0.0760369 0.0146199
0.0437788 0.0204678
0.0115207 0.154971
-0.417051 -0.160819
-0.315668 -0.318713
0.126728 -0.219298
0.205069 -0.312865
0.218894 -0.459064
0.0714286 -0.646199
-0.131336 -0.605263
-0.209677 -0.581871
-0.228111 -0.429825
-0.145161 -0.412281
-0.0668203 -0.482456
0.135945 -0.511696
0.269585 -0.406433
0.297235 -0.295322
0.274194 -0.172515
0.25576 -0.0497076
0.223502 -0.0497076
0.182028 -0.0847953
0.158986 -0.154971
0.0714286 -0.21345
0.016129 -0.266082
-0.0253456 -0.383041
-0.0115207 -0.482456
-0.00230415 -0.505848
0.0253456 -0.511696
0.0253456 -0.55848
0.0115207 -0.657895
-0.0483871 -0.646199
-0.0852535 -0.552632
-0.0990783 -0.5
-0.016129 -0.423977
0.131336 -0.359649
0.223502 -0.371345
0.292627 -0.30117
0.260369 -0.207602
0.200461 -0.225146
0.172811 -0.27193
-0.200461 -0.230994
-0.108295 -0.0847953
0.0345622 0.0672515
0.0806452 0.119883
-0.248502 -0.257602
-0.227765 -0.314912
-0.283756 -0.384503
-0.292051 -0.454094
-0.337673 -0.519591
-0.277535 -0.548246
-0.207028 -0.535965
-0.18629 -0.478655
-0.132373 -0.50731
-0.177995 -0.298538
-0.165553 -0.175731
-0.161406 -0.126608
0.000345622 0.258187
0.0791475 0.356433
-0.0266129 0.180409
-0.0535714 0.0780702
-0.0141705 -0.052924
-0.0701613 -0.16345
-0.0639401 -0.294444
-0.0307604 -0.466374
-0.0577189 -0.527778
-0.0535714 -0.396784
0.0521889 -0.417251
-0.0162442 -0.167544
-0.0639401 -0.0856725
-0.0618664 -0.0160819
-0.00380184 0.00438596
0.0418203 0.204971
0.0791475 0.19269
0.0459677 0.254094
0.118548 0.19269
0.110253 0.0862573
0.10818 -0.0692982
0.166244 -0.024269
0.141359 0.0657895
0.143433 0.168129
0.170392 0.19269
0.10818 0.299123
0.118548 0.319591
0.126843 0.393275
-0.331452 -0.605556
-0.294124 -0.134795
-0.153111 0.184503
