-0.158986 0.423977
-0.347926 0.47076
-0.504608 0.353801
-0.596774 0.114035
-0.518433 -0.172515
-0.292627 -0.207602
-0.158986 -0.0438596
-0.0576037 0.143275
-0.0714286 0.27193
-0.297235 0.347953
-0.417051 0.201754
-0.440092 0.00877193
-0.324885 -0.0321637
-0.246544 0.0555556
-0.218894 0.201754
-0.343318 0.160819
-0.509217 0.0789474
-0.384793 -0.0906433
-0.14977 0.125731
-0.195853 0.324561
-0.131336 -0.236842
0.00230415 -0.125731
0.12212 -0.00292398
-0.131336 0.0906433
-0.14977 0.0730994
-0.241935 0.0614035
-0.301843 0.178363
-0.297235 0.195906
-0.274194 0.307018
-0.324885 0.295322
-0.398618 0.266082
-0.435484 0.160819
-0.47235 0.0789474
-0.33871 0.0438596
-0.269585 0.0438596
-0.25576 0.102339
-0.168203 0.266082
-0.112903 0.30117
-0.0391705 0.347953
-0.126728 0.44152
-0.232719 0.44152
-0.33871 0.418129
-0.412442 0.353801
-0.509217 0.219298
-0.541475 0.0146199
-0.504608 -0.125731
-0.490783 -0.143275
-0.361751 -0.137427
-0.269585 -0.0847953
-0.223502 -0.0789474
-0.186636 -0.0380117
-0.154378 -0.00877193
-0.112903 0.0555556
-0.0852535 0.137427
-0.0852535 0.277778
-0.168203 0.30117
-0.191244 0.195906
-0.140553 -0.0497076
-0.0299539 0.0672515
-0.385369 0.0330409
-0.381221 0.131287
-0.352189 0.258187
-0.354263 0.36462
-0.414401 -0.0692982
-0.499424 -0.0324561
-0.298272 -0.0979532
-0.316935 -0.183918
-0.368779 -0.290351
-0.356336 -0.396784
-0.271313 0.00438596
-0.177995 0.0862573
-0.246429 0.143567
-0.250576 0.229532
-0.221544 0.376901
-0.215323 0.295029
-0.1303 0.217251
-0.207028 0.0289474
-0.0971198 0.213158
-0.0390553 0.258187
0.0190092 0.401462
-0.0369816 0.42193
-0.0639401 0.331871
-0.1303 0.376901
-0.375 -0.437719
-0.395737 -0.351754
-0.354263 -0.20848
-0.437212 -0.376316
-0.48076 -0.503216
-0.410253 -0.466374
-0.0867512 0.42193
-0.0473502 0.507895
0.0252304 0.520175
0.0625576 0.552924
-0.00587558 0.442398
-0.0514977 0.573392
-0.08053 0.507895
-0.153111 0.552924
-0.111636 0.54883
-0.163479 0.49152
-0.25265 -0.188012
-0.246429 -0.0365497
-0.321083 -0.433626
-0.385369 -0.515497
-0.399885 -0.62193
-0.124078 -0.126608
-0.316935 -0.228947
