0.37212 0.851608
0.351382 0.863304
0.3053 0.854532
0.323733 0.841374
0.289171 0.834064
0.27765 0.829678
0.293779 0.810673
0.298387 0.801901
0.31682 0.841374
0.353687 0.834064
0.353687 0.82383
0.3053 0.804825
0.291475 0.784357
0.261521 0.800439
0.268433 0.800439
0.270737 0.81652
0.247696 0.806287
0.259217 0.781433
0.261521 0.778509
0.233871 0.762427
0.229263 0.725877
0.266129 0.706871
0.302995 0.696637
0.293779 0.679094
0.268433 0.66155
0.282258 0.652778
0.312212 0.644006
0.349078 0.626462
0.351382 0.605994
0.379032 0.58114
0.420507 0.553363
0.379032 0.529971
0.346774 0.518275
0.337558 0.525585
0.346774 0.565058
0.360599 0.584064
0.319124 0.620614
0.328341 0.66886
0.335253 0.682018
0.307604 0.730263
0.3053 0.763889
0.319124 0.809211
0.335253 0.820906
0.360599 0.828216
0.388249 0.822368
0.404378 0.798977
0.413594 0.788743
0.374424 0.768275
0.365207 0.765351
0.367512 0.777047
0.369816 0.800439
0.346774 0.798977
0.332949 0.779971
0.332949 0.739035
0.358295 0.690789
0.353687 0.66155
0.367512 0.63962
0.395161 0.61769
0.385945 0.608918
0.43894 0.591374
0.422811 0.572368
0.450461 0.534357
0.464286 0.538743
0.471198 0.591374
0.461982 0.629386
0.436636 0.648392
0.406682 0.67617
0.374424 0.702485
0.358295 0.762427
0.367512 0.739035
0.406682 0.667398
0.422811 0.611842
0.485023 0.598684
0.480415 0.614766
0.508065 0.63231
0.514977 0.649854
0.526498 0.660088
0.558756 0.667398
0.574885 0.674708
0.593318 0.67617
0.641705 0.66155
0.678571 0.63962
0.703917 0.616228
0.726959 0.586988
0.738479 0.557749
0.779954 0.528509
0.789171 0.527047
0.784562 0.556287
0.784562 0.597222
0.75 0.642544
0.738479 0.66155
0.729263 0.673246
0.678571 0.693713
0.664747 0.696637
0.591014 0.706871
0.549539 0.692251
0.531106 0.674708
0.49424 0.65424
0.441244 0.652778
0.427419 0.66886
0.397465 0.698099
0.397465 0.702485
0.46659 0.67617
0.508065 0.682018
0.508065 0.684942
0.547235 0.705409
0.584101 0.709795
0.611751 0.714181
0.669355 0.711257
0.634793 0.68348
0.710829 0.684942
0.692396 0.664474
0.747696 0.655702
0.729263 0.63231
0.736175 0.607456
0.743088 0.594298
0.773041 0.582602
0.747696 0.553363
0.761521 0.543129
0.807604 0.537281
0.812212 0.546053
0.830645 0.576754
0.823733 0.585526
0.793779 0.625
0.77765 0.641082
0.756912 0.652778
0.740783 0.671784
0.72235 0.686404
0.657834 0.686404
0.644009 0.686404
0.593318 0.674708
0.353687 0.714181
0.309908 0.774123
0.270737 0.744883
0.300691 0.698099
0.392857 0.673246
0.404378 0.65424
0.420507 0.638158
0.445853 0.616228
0.464286 0.604532
0.374424 0.563596
0.425115 0.528509
0.369816 0.509503
0.480415 0.642544
0.429724 0.66886
0.554147 0.679094
0.620968 0.705409
0.616359 0.739035
0.662442 0.722953
0.68318 0.705409
0.692396 0.651316
0.720046 0.641082
0.726959 0.667398
0.680876 0.695175
0.65553 0.711257
0.620968 0.722953
0.591014 0.718567
0.567972 0.687865
0.567972 0.66155
0.565668 0.648392
0.388249 0.645468
0.369816 0.693713
0.312212 0.706871
0.312212 0.728801
0.273041 0.712719
0.3053 0.740497
0.312212 0.753655
0.254608 0.756579
0.289171 0.741959
0.273041 0.717105
0.296083 0.687865
0.34447 0.665936
0.367512 0.651316
0.392857 0.652778
0.388249 0.608918
0.406682 0.591374
0.390553 0.563596
0.402074 0.541667
0.358295 0.543129
0.339862 0.611842
0.351382 0.689327
0.3053 0.733187
0.240783 0.749269
0.282258 0.765351
0.487327 0.667398
0.519585 0.677632
0.586406 0.686404
0.634793 0.712719
0.648618 0.728801
0.664747 0.730263
0.699309 0.701023
0.752304 0.633772
0.784562 0.551901
0.802995 0.538743
0.830645 0.532895
0.609447 0.81652
0.611751 0.785819
0.574885 0.756579
0.544931 0.727339
0.558756 0.718567
0.58871 0.722953
0.595622 0.733187
0.602535 0.752193
0.570276 0.765351
0.563364 0.777047
0.577189 0.796053
0.60023 0.813596
0.618664 0.825292
0.646313 0.796053
0.637097 0.765351
0.648618 0.739035
0.650922 0.743421
0.660138 0.741959
0.660138 0.740497
0.669355 0.752193
0.634793 0.782895
0.602535 0.775585
0.604839 0.771199
0.616359 0.755117
0.657834 0.747807
0.680876 0.740497
0.697005 0.705409
0.708525 0.674708
0.736175 0.644006
0.729263 0.692251
0.8053 0.692251
0.828341 0.692251
0.855991 0.689327
0.927419 0.674708
0.975806 0.648392
0.980415 0.636696
0.89977 0.629386
0.87212 0.620614
0.849078 0.644006
0.814516 0.65424
0.784562 0.673246
0.775346 0.684942
0.775346 0.686404
0.745392 0.692251
0.809908 0.671784
0.858295 0.679094
0.862903 0.66155
0.922811 0.657164
0.941244 0.638158
0.989631 0.638158
0.987327 0.64693
0.918203 0.679094
0.842166 0.673246
0.809908 0.658626
0.726959 0.702485
0.690092 0.703947
0.690092 0.725877
0.579493 0.737573
0.473502 0.689327
0.434332 0.674708
0.25 0.687865
0.224654 0.722953
0.383641 0.485088
0.353687 0.471053
0.369816 0.451754
0.355991 0.435965
0.34447 0.42193
0.349078 0.411404
0.381336 0.428947
0.381336 0.455263
0.379032 0.492105
0.385945 0.514912
0.415899 0.535965
0.413594 0.516667
0.404378 0.500877
0.41129 0.474561
0.404378 0.45
0.395161 0.434211
0.397465 0.423684
0.408986 0.416667
0.789171 0.523684
0.807604 0.488596
0.8053 0.47807
0.784562 0.441228
0.782258 0.425439
0.830645 0.42193
0.839862 0.441228
0.823733 0.465789
0.839862 0.499123
0.839862 0.52193
0.832949 0.553509
0.842166 0.574561
0.860599 0.586842
0.812212 0.511404
0.798387 0.502632
0.802995 0.476316
0.775346 0.428947
0.736175 0.416667
0.782258 0.469298
0.782258 0.460526
0.759217 0.45
0.745392 0.451754
0.740783 0.446491
0.733871 0.439474
0.699309 0.448246
0.697005 0.465789
0.692396 0.465789
0.676267 0.464035
0.657834 0.458772
0.657834 0.458772
0.644009 0.455263
0.648618 0.437719
0.618664 0.423684
0.558756 0.414912
0.554147 0.416667
0.591014 0.441228
0.609447 0.448246
0.620968 0.471053
0.62788 0.47807
0.644009 0.47807
0.662442 0.474561
0.680876 0.474561
0.632488 0.474561
0.58871 0.451754
0.581797 0.432456
0.570276 0.411404
0.558756 0.40614
0.226959 0.792105
0.247696 0.834211
0.273041 0.858772
0.291475 0.862281
0.22235 0.813158
0.224654 0.797368
0.203917 0.774561
0.185484 0.755263
0.206221 0.728947
0.245392 0.723684
0.22235 0.70614
0.226959 0.695614
0.259217 0.681579
0.224654 0.660526
0.203917 0.648246
0.199309 0.655263
0.233871 0.697368
0.256912 0.727193
0.254608 0.665789
0.266129 0.641228
0.243088 0.635965
0.233871 0.618421
0.240783 0.613158
0.273041 0.625439
0.289171 0.625439
0.302995 0.614912
0.319124 0.600877
0.337558 0.585088
0.362903 0.548246
0.374424 0.528947
0.604839 0.844737
0.570276 0.816667
0.563364 0.804386
0.623272 0.814912
0.664747 0.804386
0.664747 0.783333
0.687788 0.748246
0.717742 0.716667
0.738479 0.702632
0.740783 0.735965
0.710829 0.737719
0.685484 0.765789
0.68318 0.776316
0.687788 0.802632
0.687788 0.820175
0.669355 0.837719
0.65553 0.844737
0.639401 0.818421
0.639401 0.839474
0.584101 0.839474
0.563364 0.797368
0.547235 0.772807
0.567972 0.842982
0.581797 0.869298
0.595622 0.871053
0.625576 0.869298
0.648618 0.857018
0.637097 0.839474
0.641705 0.804386
0.667051 0.857018
0.706221 0.82193
